107938160
107821301
107790964
107737101
107897709
107619624
107806086
107443549
107737116
107554146
107508185
107674800
107612340
107578941
107178539
107479317
107446381
107394532
107775613
107379707
107407257
107065962
107043651
107097281
107002541
106972042
107700175
106882635
107352627
107128934
106433722
106680234
106338450
106911922
106035426
106849492
106527657
106682841
106197185
106173415
106305413
106290919
106243621
106197981
106499613
105480107
106533830
106429928
105884183
106278067
106886103
105380774
106196264
106108120
106107491
107963038
107955975
106188195
106013173
107788297
105886039
105273925
104901183
105208476
105110703
107707506
107576696
106342781
107979658
105268955
104668982
104965043
107508976
107927966
104378710
104920484
107474867
107898337
106252048
107340401
107979482
107978055
107837376
107707206
105369898
104808713
104116247
105872590
105877439
104148702
107737158
107611628
105181318
104170598
104739867
105437394
107806368
105001507
107927629
103920755
107593591
103769812
103569372
107196503
107394885
104254210
105023722
104713895
107375489
104806595
104354606
107508146
107022932
103446999
103423798
103198639
104246222
107065390
107588823
103320789
104316306
103449178
104097336
103115871
103158750
106685141
103297461
107317953
103374193
107424000
106881651
104332515
103749121
106462990
106848886
107214338
107215223
107213369
107245193
102779747
103593739
107196855
107196955
102760577
107215319
103343550
104460172
103723770
106590197
106603073
106745537
106463458
102787763
106972508
103593206
103620569
102554440
103564925
104077141
104073454
106498545
102898023
106646466
102756655
102526701
103776635
104438443
104028974
102515058
102666302
104587741
104001350
105090769
102049224
103409480
103184226
106606751
103622560
107472347
101992538
102815239
103190613
103212842
102517326
103189117
107002969
102923345
103117122
106452509
106942828
106197590
103345418
102689938
103652501
103622543
102885767
106876106
103565259
103564354
101500296
102464649
103323388
106068874
101520291
102786871
106196345
103451027
102295089
102737498
103115893
102665539
106082827
101971208
104222776
106243521
101926946
103264095
102787311
106857891
102484993
102510077
103115674
101606985
102113021
107445242
105947186
102260976
102961487
104533996
100950611
102242554
106106010
102706963
106499669
106498759
102708584
106463638
106462318
106655904
106460061
102066642
101365576
106463607
102738039
102707229
102963271
100689514
106392525
101510473
101841765
101854614
106363480
106399652
100805985
107398733
100664077
102494093
102487240
102440544
101650743
106851653
106075727
106074073
106478479
100640277
105196389
106260063
102712138
102703076
100314968
102295322
106274384
101055310
106243366
106243570
102259810
105399215
101353814
105796166
102852549
106409674
101148806
106230213
100253319
106606495
106168263
105299700
102121192
106107186
102257737
107309192
101266401
100888488
101606208
99946686
102100516
100437649
100611184
106560725
101511846
101120641
101628701
101472750
102254357
101435776
106167859
101605107
101293139
100641130
106914607
101437716
99947972
106018423
105886113
101354400
101121092
102091803
105368296
100432586
102261737
101406710
101356968
101344567
101176783
101332180
101683544
101682926
99527637
105886630
105248054
105029173
100171543
106360542
100296233
100951765
105972886
99827869
101353255
99972886
100691727
106893316
104905243
101204400
99681481
105875851
101324313
101149421
100341120
105851749
102241338
98669094
100578382
105839448
100838827
100927421
100752110
101250362
101304020
100951510
101527681
100608583
105246173
101324483
105506535
101057290
100561519
102244474
98166934
101652587
101006348
101622461
100258666
105397999
100887355
98469679
100951698
105376491
100665221
105337670
100889269
105323381
100752176
99506664
100579246
101077712
101471659
106459361
100541175
100596321
102126067
101204367
100367476
99586497
100736804
101177219
100460995
106036284
105000190
100434191
101120538
100389442
101093638
99509341
100716200
101077833
105242837
100608303
97573442
101231051
105602597
98767892
100808266
105399469
105823857
101186044
105158179
99948850
104616815
100515054
99896735
101149350
101148877
101494338
104253137
100925461
104249556
103946645
99022058
101266028
100024067
103921429
98590962
101556562
100833800
105305472
105052126
100025855
99919182
97240816
99907382
99692232
100753732
104809136
98998522
100262259
100736990
99020934
100315922
100908318
98568423
100732053
105200057
106081317
97403768
105180668
99699067
99493473
97338144
98293077
98530981
100753721
100753408
105220762
99776137
105158484
100516586
99951949
100025264
103944799
105187200
104269981
103371760
103924581
97114394
100220147
99654322
99508101
100735469
98590984
99627912
99599994
97225743
103299017
99308944
105195801
98619698
99383893
98479636
104127597
105887241
103622588
98380910
97868770
103564372
99197419
98242840
99628196
100541299
99880234
99255284
104660119
105052200
100238390
96675981
99999632
98109139
103650143
99718759
97889055
99921124
105505656
104978084
97926015
98401470
99234959
97877663
96476062
98956169
97593651
103484714
103524163
97832200
99543058
105195452
100000174
104714482
98719173
99132419
103411763
103409698
96932912
98636698
103794157
99450117
104679309
99681251
104084273
104663887
104841650
103374882
99448268
96154643
97876024
104617504
97183880
99309936
105216541
99774630
102553038
99075901
98529239
97389790
98928945
104249583
96694974
103545455
102886041
103545195
98125632
99394338
102855613
103098019
103116004
103115926
102663624
98578740
98578843
104441193
99479765
97187988
102960965
105399717
102963503
102685393
98166848
104054695
96841162
99919092
104388230
102805171
97805173
97239262
102590943
103265355
102494579
97711539
96330816
98154119
99130635
103592514
98320961
97616813
97752749
98192930
97788132
96672223
97276723
95914963
97537775
97506227
95991312
97467301
104001126
102885897
101623528
103009639
103544857
103776509
104173570
103770013
94636635
102868148
97252560
98504605
102923070
97471423
102921238
101524688
96697292
101970054
94481475
101915991
102439563
96537617
103974736
96529560
101427075
97398846
101469697
102735441
98720684
103153728
97471177
103545134
102689873
96558039
103098425
98402486
98399143
103523806
97471366
98578259
103488567
102630138
102628502
102091715
96701887
103543675
102485080
96823640
96677259
97240430
97238988
102561370
97032484
102554316
104320246
93719208
94675987
96358410
103849251
97999688
96319556
104447170
103339055
103335547
103331844
96671887
97427270
103332920
96635388
94520482
96722619
101175381
102295626
101907668
97691690
101906672
105057996
97673497
102370223
103649584
95328365
101842445
101606541
103227221
103226954
103314496
102786493
101810427
95291059
101587033
94683542
96558253
95672115
96536657
104451867
104143615
103564339
101680837
97788291
103545927
103097891
104411138
97015004
103523883
96999684
95617067
102523702
103739196
101621599
96897861
96292669
103676175
97537714
103405531
96837742
101971866
98077262
95631493
96485341
94577068
96470047
97113967
96545689
101470269
103330465
101842810
105669106
103944326
95812239
101810334
96482491
101030163
96199507
103299445
97622063
97295923
94733783
101147683
103263239
100949935
101771092
96267079
97415713
94112001
96330795
102848332
95631894
96505927
98218503
103152576
94631315
95110665
102785481
98505822
100407145
100539975
100540123
100977972
95480849
101702433
104094598
96985631
101683196
103083930
102186650
103078720
101586909
96954670
96547869
101652612
101559317
101559298
103039320
100979754
94018017
100735667
101501843
101500979
100925855
93585043
97082077
102066357
102065587
94511923
101559653
101559055
104001213
96746445
100807331
102893645
96227223
102465676
102464360
95189976
96696044
100836626
101407079
102859103
96925328
101469582
102409687
102409236
91812929
101324315
101842235
96267345
100736858
101408175
94012651
102295562
102295229
103329014
97014759
102754763
102259635
100607114
96725728
101773889
100858237
92166732
101317556
95310588
100636908
96671452
96898171
95842138
100550017
102186830
100835614
101259756
95216730
102155357
102255472
95057943
101121231
92663437
93685272
101625559
102591351
101094321
102094600
97429657
101077407
101176285
100489729
100489291
104029165
101160939
101058037
102815257
100666682
95843315
93624019
101121114
97101507
92026193
96868920
103675415
95481304
102625871
101093417
100172319
94063337
102591467
101077569
96839565
95728875
101472219
91901857
95672888
94460201
93421291
93418559
101005998
93751887
95437030
100980337
102332879
101810251
100863366
102305595
100237187
102294651
102295126
102292740
101793600
101792954
101907721
100926023
99946283
93468554
94342600
101742128
101740367
100085169
102221483
100753748
103795391
103034477
101274680
100087658
100288809
99351205
102884418
95291611
93555887
95814576
102092962
95806877
93533177
95519884
101584792
100722809
101149254
90754392
91241786
94976933
101120874
101120683
101116468
96266957
99880074
101528085
100151569
101116434
100541297
102786336
100557488
101494045
99898394
101559389
100064898
100579505
94063684
99830974
102219245
100559790
95543517
101004112
99525939
100435985
94768527
100541501
99710354
100516497
93417715
100513641
92558656
100389903
99746134
99004395
100486737
93939245
94223829
100908877
101840293
100402847
99889360
90693487
92520603
91626920
94846786
94519657
101324765
100367265
103742224
100343461
101229026
100342278
94998992
100794335
99506713
99504268
91782225
101623438
99545536
100888978
101266621
100198823
93826990
100176582
94275148
100739098
92153626
94600714
99480371
101556573
92012568
99680633
102370948
101522579
93154514
92008626
101500586
100172814
101616677
93356226
92679611
